camera_matrix:
- - 617.1868570117495
  - 0.0
  - 509.55972945318643
- - 0.0
  - 617.0178180701498
  - 303.3818040117512
- - 0.0
  - 0.0
  - 1.0
dist_coeff:
- - 0.1041980042024702
  - -0.3419876788194697
  - 0.0003205752633512117
  - 0.0017452798723696763
  - 0.3188114463448197

